17
175 10  198 120 119 216 9   48  262 288 16  191 249 185 93  2   91
163 172 21  65  286 90  84  70  31  193 187 228 100 221 15  58  144
166 130 113 237 117 0   89  140 149 167 116 204 11  78  147 255 243
110 63  36  233 267 212 206 281 145 12  114 32  217 82  177 111 160
20  142 112 174 68  106 77  202 134 192 268 257 3   47  81  17  252
141 203 51  13  183 136 132 150 278 18  67  170 232 118 109 211 179
241 105 143 253 165 108 254 139 98  94  69  173 87  76  92  125 127
79  213 95  50  39  181 121 75  158 225 247 60  115 270 56  265 88
61  276 194 227 239 222 190 248 59  226 220 40  14  244 44  23  66
53  236 33  55  210 199 4   214 6   29  103 264 197 256 124 148 258
201 263 41  57  131 45  73  46  182 180 277 28  250 42  129 188 62
126 269 35  137 161 135 275 234 151 245 54  133 260 195 205 229 152
74  178 49  219 71  159 101 274 86  200 184 242 186 218 99  155 223
157 97  266 19  83  22  162 240 34  1   208 283 282 171 123 43  8
189 27  280 238 138 207 104 209 259 285 154 168 107 287 80  128 176
246 271 85  146 72  156 64  7   272 96  164 230 273 235 24  279 25
169 224 5   52  196 102 37  153 251 261 122 30  231 284 26  38  215
