30
271 378 610 804 373 465 834 233 289 868 385 325 142 870 653 598 173 161 332 208 309 337 357 190 14  636 537 875 485 717
734 882 389 278 384 541 40  380 404 115 831 698 62  188 885 226 792 257 815 106 795 330 803 833 407 710 761 15  592 574
12  677 858 556 262 641 748 889 434 411 575 866 125 59  10  422 43  81  763 230 733 499 539 379 704 783 218 354 751 521
458 291 828 483 522 84  399 86  16  304 772 181 274 336 511 79  756 865 729 703 137 321 370 689 273 9   339 290 826 802
555 199 58  651 56  374 664 586 396 480 628 886 28  516 157 630 108 884 353 138 415 487 264 300 185 674 576 296 692 356
851 712 202 696 534 806 661 526 529 788 564 101 880 197 566 328 144 538 730 186 310 824 543 793 89  268 146 320 705 143
210 496 503 179 145 849 640 372 323 160 551 790 406 709 382 550 45  567 225 178 472 542 386 38  711 719 124 413 562 70
588 680 699 90  606 204 894 841 477 227 750 807 578 544 702 155 624 508 346 572 20  502 798 506 819 829 530 603 593 893
95  292 164 501 362 163 221 348 299 690 770 693 430 447 484 67  644 535 754 75  814 315 528 758 266 439 455 121 11  27
873 267 420 648 105 276 492 637 37  631 123 169 724 475 410 39  154 191 670 883 82  769 308 881 722 437 376 392 113 652
632 78  549 718 581 435 134 358 206 102 313 388 350 594 604 26  657 132 622 491 319 234 418 285 109 265 715 732 116 21
153 658 707 464 438 569 261 88  525 616 476 887 126 757 44  87  738 347 107 184 716 612 239 343 314 737 249 560 177 403
162 306 859 857 140 417 808 867 671 383 899 771 890 781 405 470 454 469 349 431 245 780 74  580 642 279 400 368 726 361
96  646 626 587 189 312 183 753 597 231 205 369 35  869 13  103 482 235 614 217 740 30  548 452 114 29  789 700 777 446
779 280 672 192 898 600 752 64  401 695 408 474 618 782 523 764 427 818 375 128 739 429 397 678 295 860 272 19  683 607
643 441 23  759 428 57  254 457 725 127 252 136 359 463 746 284 561 151 201 897 679 694 237 520 442 512 813 294 450 167
48  345 51  837 510 54  791 843 662 216 246 467 360 104 821 17  669 240 316 762 656 42  823 830 187 621 666 563 307 381
443 665 135 18  365 92  117 766 139 402 255 479 714 242 367 174 7   232 85  540 611 494 53  366 776 4   259 170 768 685
797 355 845 305 342 801 451 835 248 50  129 891 509 663 203 629 554 488 609 171 842 112 324 122 341 878 351 471 874 647
872 825 215 749 329 445 172 326 352 165 287 767 166 212 466 387 519 747 214 617 322 497 168 691 727 340 822 77  659 253
118 784 282 625 863 854 778 286 577 41  281 158 486 195 613 66  504 120 735 799 547 786 635 436 585 97  94  303 182 250
565 338 856 198 785 65  774 444 720 55  573 47  533 317 787 706 713 293 2   364 687 456 633 895 196 697 424 490 0   461
448 892 608 602 24  68  634 861 545 531 459 590 794 391 147 130 63  478 462 888 1   839 855 495 532 681 862 498 688 832
571 817 853 836 98  409 363 742 419 159 194 277 251 394 864 100 297 615 412 708 810 601 263 620 61  275 744 595 333 676
518 149 655 654 877 311 489 553 847 896 34  848 536 517 775 682 69  524 193 827 449 223 52  460 743 3   596 481 731 25
723 229 301 773 728 433 673 49  111 220 667 440 119 805 390 514 327 6   156 493 515 241 840 398 425 579 334 150 91  93
331 850 60  31  583 80  558 800 852 200 846 559 209 133 638 639 701 668 421 423 141 513 736 507 5   745 236 213 110 721
876 76  816 83  552 228 99  582 414 211 298 627 811 505 820 219 675 453 599 46  269 645 73  36  176 224 335 8   395 812
256 432 605 619 468 570 589 283 33  243 260 568 765 755 686 72  238 741 247 473 527 650 377 557 416 371 32  546 760 344
684 796 148 584 426 180 22  660 258 879 71  393 302 318 623 270 591 244 131 838 649 152 500 222 288 844 809 871 207 175
